Bcast 16 1 4 0.000856 
OBcast 16 1 4 0.033169 
Gather 16 1 4 0.051927 
OGather 16 1 4 0.032001 
Reduce 16 1 4 0.073118 
OReduce 16 1 4 0.777348 
AlltoAllv 16 1 4 0.266733 
OAlltoAllv 16 1 4 0.543938 
Bcast 256 1 4 0.245966 
OBcast 256 1 4 0.462891 
Gather 256 1 4 0.020743 
OGather 256 1 4 0.037683 
Reduce 256 1 4 0.096663 
OReduce 256 1 4 0.098239 
AlltoAllv 256 1 4 0.068374 
OAlltoAllv 256 1 4 0.087410 
Bcast 2048 1 4 8.348007 
OBcast 2048 1 4 12.323933 
Gather 2048 1 4 2.002427 
OGather 2048 1 4 1.793234 
Reduce 2048 1 4 2.876043 
OReduce 2048 1 4 2.181975 
AlltoAllv 2048 1 4 0.075961 
OAlltoAllv 2048 1 4 0.318475 
Bcast 16 8 4 0.087956 
OBcast 16 8 4 0.317056 
Gather 16 8 4 0.116984 
OGather 16 8 4 0.186493 
Reduce 16 8 4 0.257077 
OReduce 16 8 4 0.249337 
AlltoAllv 16 8 4 0.228842 
OAlltoAllv 16 8 4 0.238588 
Bcast 256 8 4 0.555939 
OBcast 256 8 4 3.140058 
Gather 256 8 4 0.127973 
OGather 256 8 4 0.171236 
Reduce 256 8 4 0.636032 
OReduce 256 8 4 0.394906 
AlltoAllv 256 8 4 0.263012 
OAlltoAllv 256 8 4 0.222173 
Bcast 2048 8 4 1.315972 
OBcast 2048 8 4 1.364039 
Gather 2048 8 4 0.327926 
OGather 2048 8 4 0.251920 
Reduce 2048 8 4 3.747877 
OReduce 2048 8 4 0.820265 
AlltoAllv 2048 8 4 0.260008 
OAlltoAllv 2048 8 4 0.214543 
Bcast 16 1 16 0.107970 
OBcast 16 1 16 0.127279 
Gather 16 1 16 0.024806 
OGather 16 1 16 0.000738 
Reduce 16 1 16 0.095973 
OReduce 16 1 16 0.071930 
AlltoAllv 16 1 16 0.063964 
OAlltoAllv 16 1 16 0.085961 
Bcast 256 1 16 0.133730 
OBcast 256 1 16 0.184367 
Gather 256 1 16 0.027782 
OGather 256 1 16 0.087479 
Reduce 256 1 16 0.048566 
OReduce 256 1 16 0.098333 
AlltoAllv 256 1 16 0.054575 
OAlltoAllv 256 1 16 0.032238 
Bcast 2048 1 16 0.705930 
OBcast 2048 1 16 0.644001 
Gather 2048 1 16 0.243688 
OGather 2048 1 16 0.169305 
Reduce 2048 1 16 0.164573 
OReduce 2048 1 16 0.459204 
AlltoAllv 2048 1 16 0.247268 
OAlltoAllv 2048 1 16 0.289952 
Bcast 16 8 16 0.139988 
OBcast 16 8 16 1.243963 
Gather 16 8 16 0.302021 
OGather 16 8 16 0.121632 
Reduce 16 8 16 0.175143 
OReduce 16 8 16 0.274407 
AlltoAllv 16 8 16 0.886765 
OAlltoAllv 16 8 16 0.943063 
Bcast 256 8 16 1.030450 
OBcast 256 8 16 2.017583 
Gather 256 8 16 0.100010 
OGather 256 8 16 0.138454 
Reduce 256 8 16 0.690600 
OReduce 256 8 16 0.398155 
AlltoAllv 256 8 16 5.796614 
OAlltoAllv 256 8 16 5.908516 
Bcast 2048 8 16 1.275992 
OBcast 2048 8 16 1.294508 
Gather 2048 8 16 1.234665 
OGather 2048 8 16 0.231667 
Reduce 2048 8 16 3.934680 
OReduce 2048 8 16 0.671152 
AlltoAllv 2048 8 16 16.359932 
OAlltoAllv 2048 8 16 5.045314 
Bcast 16 1 4 0.030033 
OBcast 16 1 4 0.073707 
Gather 16 1 4 0.035808 
OGather 16 1 4 0.000381 
Reduce 16 1 4 0.074626 
OReduce 16 1 4 0.059714 
AlltoAllv 16 1 4 0.000383 
OAlltoAllv 16 1 4 0.000497 
Bcast 256 1 4 0.063983 
OBcast 256 1 4 0.093521 
Gather 256 1 4 0.031796 
OGather 256 1 4 0.030536 
Reduce 256 1 4 0.081593 
OReduce 256 1 4 0.093237 
AlltoAllv 256 1 4 0.063560 
OAlltoAllv 256 1 4 0.067662 
Bcast 2048 1 4 0.400629 
OBcast 2048 1 4 0.727877 
Gather 2048 1 4 0.233409 
OGather 2048 1 4 0.105428 
Reduce 2048 1 4 0.332892 
OReduce 2048 1 4 0.275394 
AlltoAllv 2048 1 4 0.071965 
OAlltoAllv 2048 1 4 0.078199 
Bcast 16 8 4 0.159663 
OBcast 16 8 4 0.216008 
Gather 16 8 4 0.081013 
OGather 16 8 4 0.161075 
Reduce 16 8 4 0.229602 
OReduce 16 8 4 0.271287 
AlltoAllv 16 8 4 0.215128 
OAlltoAllv 16 8 4 0.311094 
Bcast 256 8 4 0.511994 
OBcast 256 8 4 0.363424 
Gather 256 8 4 0.081662 
OGather 256 8 4 0.150984 
Reduce 256 8 4 0.610771 
OReduce 256 8 4 0.523993 
AlltoAllv 256 8 4 0.232519 
OAlltoAllv 256 8 4 0.471402 
Bcast 2048 8 4 1.444869 
OBcast 2048 8 4 1.686007 
Gather 2048 8 4 0.329294 
OGather 2048 8 4 0.326942 
Reduce 2048 8 4 4.884095 
OReduce 2048 8 4 0.655015 
AlltoAllv 2048 8 4 0.222734 
OAlltoAllv 2048 8 4 0.298709 
Bcast 16 1 16 0.261763 
OBcast 16 1 16 0.198629 
Gather 16 1 16 0.095940 
OGather 16 1 16 0.050352 
Reduce 16 1 16 0.094124 
OReduce 16 1 16 0.171388 
AlltoAllv 16 1 16 0.105092 
OAlltoAllv 16 1 16 0.325208 
Bcast 256 1 16 0.322859 
OBcast 256 1 16 0.263528 
Gather 256 1 16 0.058837 
OGather 256 1 16 0.051984 
Reduce 256 1 16 0.166529 
OReduce 256 1 16 0.361137 
AlltoAllv 256 1 16 0.331980 
OAlltoAllv 256 1 16 0.183586 
Bcast 2048 1 16 0.569115 
OBcast 2048 1 16 0.962090 
Gather 2048 1 16 0.179660 
OGather 2048 1 16 0.190603 
Reduce 2048 1 16 0.207441 
OReduce 2048 1 16 1.133391 
AlltoAllv 2048 1 16 1.265403 
OAlltoAllv 2048 1 16 0.155640 
Bcast 16 8 16 0.183587 
OBcast 16 8 16 0.844004 
Gather 16 8 16 0.150968 
OGather 16 8 16 0.226076 
Reduce 16 8 16 0.299970 
OReduce 16 8 16 0.313904 
AlltoAllv 16 8 16 5.240579 
OAlltoAllv 16 8 16 1.110907 
Bcast 256 8 16 0.895967 
OBcast 256 8 16 1.500005 
Gather 256 8 16 0.132213 
OGather 256 8 16 0.160001 
Reduce 256 8 16 0.679927 
OReduce 256 8 16 0.524478 
AlltoAllv 256 8 16 3.776628 
OAlltoAllv 256 8 16 2.029546 
Bcast 2048 8 16 2.975992 
OBcast 2048 8 16 2.007098 
Gather 2048 8 16 0.240053 
OGather 2048 8 16 0.208157 
Reduce 2048 8 16 4.333456 
OReduce 2048 8 16 3.665163 
AlltoAllv 2048 8 16 12.252613 
OAlltoAllv 2048 8 16 7.937060 
Bcast 16 1 4 0.068390 
OBcast 16 1 4 0.183816 
Gather 16 1 4 0.148098 
OGather 16 1 4 0.062049 
Reduce 16 1 4 0.153497 
OReduce 16 1 4 0.094538 
AlltoAllv 16 1 4 0.071940 
OAlltoAllv 16 1 4 0.111215 
Bcast 256 1 4 0.131968 
OBcast 256 1 4 0.129910 
Gather 256 1 4 0.047755 
OGather 256 1 4 0.505379 
Reduce 256 1 4 0.075307 
OReduce 256 1 4 0.138519 
AlltoAllv 256 1 4 0.126736 
OAlltoAllv 256 1 4 0.049495 
Bcast 2048 1 4 1.157739 
OBcast 2048 1 4 1.134660 
Gather 2048 1 4 0.202733 
OGather 2048 1 4 0.304802 
Reduce 2048 1 4 0.556035 
OReduce 2048 1 4 0.891026 
AlltoAllv 2048 1 4 0.159191 
OAlltoAllv 2048 1 4 0.038986 
Bcast 16 8 4 0.101514 
OBcast 16 8 4 0.424018 
Gather 16 8 4 0.142207 
OGather 16 8 4 0.183958 
Reduce 16 8 4 0.195977 
OReduce 16 8 4 0.301706 
AlltoAllv 16 8 4 1.163973 
OAlltoAllv 16 8 4 0.231579 
Bcast 256 8 4 0.681573 
OBcast 256 8 4 0.508016 
Gather 256 8 4 0.225180 
OGather 256 8 4 0.127744 
Reduce 256 8 4 0.620809 
OReduce 256 8 4 0.383437 
AlltoAllv 256 8 4 1.420015 
OAlltoAllv 256 8 4 0.523317 
Bcast 2048 8 4 2.235922 
OBcast 2048 8 4 1.732005 
Gather 2048 8 4 0.355865 
OGather 2048 8 4 0.251681 
Reduce 2048 8 4 4.409125 
OReduce 2048 8 4 0.872004 
AlltoAllv 2048 8 4 1.432019 
OAlltoAllv 2048 8 4 0.506942 
Bcast 16 1 16 0.055440 
OBcast 16 1 16 0.029850 
Gather 16 1 16 0.050102 
OGather 16 1 16 0.043045 
Reduce 16 1 16 0.098393 
OReduce 16 1 16 0.110859 
AlltoAllv 16 1 16 0.113139 
OAlltoAllv 16 1 16 0.292537 
Bcast 256 1 16 0.145158 
OBcast 256 1 16 0.151601 
Gather 256 1 16 0.037709 
OGather 256 1 16 0.064171 
Reduce 256 1 16 0.199742 
OReduce 256 1 16 0.191617 
AlltoAllv 256 1 16 0.088000 
OAlltoAllv 256 1 16 0.097990 
Bcast 2048 1 16 0.673349 
OBcast 2048 1 16 0.811127 
Gather 2048 1 16 0.165112 
OGather 2048 1 16 0.184392 
Reduce 2048 1 16 0.157351 
OReduce 2048 1 16 0.514854 
AlltoAllv 2048 1 16 0.103986 
OAlltoAllv 2048 1 16 0.222918 
Bcast 16 8 16 0.284007 
OBcast 16 8 16 0.888816 
Gather 16 8 16 0.109781 
OGather 16 8 16 0.075997 
Reduce 16 8 16 0.183695 
OReduce 16 8 16 0.216117 
AlltoAllv 16 8 16 1.649834 
OAlltoAllv 16 8 16 0.777314 
Bcast 256 8 16 0.643970 
OBcast 256 8 16 1.099256 
Gather 256 8 16 0.119949 
OGather 256 8 16 0.144878 
Reduce 256 8 16 0.653232 
OReduce 256 8 16 0.338863 
AlltoAllv 256 8 16 2.802558 
OAlltoAllv 256 8 16 1.279505 
Bcast 2048 8 16 1.304604 
OBcast 2048 8 16 1.922121 
Gather 2048 8 16 0.220054 
OGather 2048 8 16 0.149701 
Reduce 2048 8 16 3.912356 
OReduce 2048 8 16 0.755434 
AlltoAllv 2048 8 16 8.977411 
OAlltoAllv 2048 8 16 4.508503 
Bcast 16 1 4 0.091964 
OBcast 16 1 4 0.296499 
Gather 16 1 4 0.035991 
OGather 16 1 4 0.035943 
Reduce 16 1 4 0.091972 
OReduce 16 1 4 0.083406 
AlltoAllv 16 1 4 0.031985 
OAlltoAllv 16 1 4 0.061581 
Bcast 256 1 4 0.040166 
OBcast 256 1 4 0.103988 
Gather 256 1 4 0.042023 
OGather 256 1 4 0.043993 
Reduce 256 1 4 0.107981 
OReduce 256 1 4 0.127828 
AlltoAllv 256 1 4 0.096936 
OAlltoAllv 256 1 4 0.083734 
Bcast 2048 1 4 0.357601 
OBcast 2048 1 4 0.287987 
Gather 2048 1 4 0.136238 
OGather 2048 1 4 0.143618 
Reduce 2048 1 4 0.184745 
OReduce 2048 1 4 0.251778 
AlltoAllv 2048 1 4 0.072006 
OAlltoAllv 2048 1 4 0.101553 
Bcast 16 8 4 0.059999 
OBcast 16 8 4 0.430696 
Gather 16 8 4 0.073163 
OGather 16 8 4 0.148002 
Reduce 16 8 4 0.192533 
OReduce 16 8 4 0.184328 
AlltoAllv 16 8 4 1.320018 
OAlltoAllv 16 8 4 0.451353 
Bcast 256 8 4 0.561464 
OBcast 256 8 4 0.692011 
Gather 256 8 4 0.163988 
OGather 256 8 4 0.115454 
Reduce 256 8 4 1.059546 
OReduce 256 8 4 0.330712 
AlltoAllv 256 8 4 0.216033 
OAlltoAllv 256 8 4 0.206355 
Bcast 2048 8 4 3.597062 
OBcast 2048 8 4 2.895955 
Gather 2048 8 4 0.634611 
OGather 2048 8 4 0.450167 
Reduce 2048 8 4 4.474208 
OReduce 2048 8 4 1.028245 
AlltoAllv 2048 8 4 0.343571 
OAlltoAllv 2048 8 4 0.563563 
Bcast 16 1 16 0.057373 
OBcast 16 1 16 0.088875 
Gather 16 1 16 0.047980 
OGather 16 1 16 0.019017 
Reduce 16 1 16 0.085403 
OReduce 16 1 16 0.111510 
AlltoAllv 16 1 16 0.067778 
OAlltoAllv 16 1 16 0.004599 
Bcast 256 1 16 0.186784 
OBcast 256 1 16 0.195799 
Gather 256 1 16 0.071869 
OGather 256 1 16 0.045637 
Reduce 256 1 16 0.131940 
OReduce 256 1 16 0.125895 
AlltoAllv 256 1 16 0.072024 
OAlltoAllv 256 1 16 0.063358 
Bcast 2048 1 16 0.513652 
OBcast 2048 1 16 0.549832 
Gather 2048 1 16 0.784494 
OGather 2048 1 16 0.127671 
Reduce 2048 1 16 0.520795 
OReduce 2048 1 16 0.445721 
AlltoAllv 2048 1 16 0.211825 
OAlltoAllv 2048 1 16 0.154890 
Bcast 16 8 16 0.163983 
OBcast 16 8 16 0.993104 
Gather 16 8 16 0.099221 
OGather 16 8 16 0.119943 
Reduce 16 8 16 0.159784 
OReduce 16 8 16 0.195468 
AlltoAllv 16 8 16 0.599231 
OAlltoAllv 16 8 16 0.796594 
Bcast 256 8 16 0.507725 
OBcast 256 8 16 0.871985 
Gather 256 8 16 0.143953 
OGather 256 8 16 0.084025 
Reduce 256 8 16 0.643972 
OReduce 256 8 16 0.278371 
AlltoAllv 256 8 16 0.941335 
OAlltoAllv 256 8 16 1.282312 
Bcast 2048 8 16 1.415621 
OBcast 2048 8 16 1.394672 
Gather 2048 8 16 0.265093 
OGather 2048 8 16 0.186383 
Reduce 2048 8 16 3.782285 
OReduce 2048 8 16 0.551445 
AlltoAllv 2048 8 16 10.134664 
OAlltoAllv 2048 8 16 4.646180 
