0.113997
0.007878
0.031009
0.048135
0.050339
0.216658
0.162172
0.041176
0.078581
0.008749
0.008637
0.018252
0.055616
0.006334
0.048894
0.041500
0.021553
0.058408
0.085108
0.028460
0.050438
0.017253
0.017995
0.067200
0.057808
0.025627
0.059523
0.091495
0.022069
0.033702
0.101846
0.043664
0.080025
0.083859
0.027089
0.093529
0.271475
0.029200
0.089196
0.331691
0.044667
0.102615
0.187635
0.071151
0.270017
0.432937
0.116255
0.220822
0.187012
0.097783
0.386715
0.165052
0.482448
0.858320
0.106573
0.095616
0.370590
0.193818
0.100084
0.218349
0.281595
0.334767
1.152227
0.473710
0.440618
1.017148
0.598759
0.363944
1.256128
0.490770
0.499742
1.197406
0.423728
0.562168
0.843731
1.958150
24.706928
30.339567
1.032330
1.153113
3.810799
0.947151
1.096912
3.324623
1.084260
1.719247
3.595030
1.719577
1.247822
3.080400
22.301913
63.973245
153.506507
4.266683
4.693422
11.936263
3.502424
4.860673
13.534218
3.525933
4.594314
12.903751
3.854463
4.744780
13.054410
0.327324
0.109606
0.033115
0.256966
0.034654
0.040324
0.264710
0.035828
0.048731
0.313926
0.023950
0.115509
0.150599
0.058213
0.099600
0.519718
0.443161
0.280470
0.347698
0.432742
0.125991
0.282977
0.073005
0.091746
0.505024
0.065335
0.059808
0.165696
0.133409
0.124558
0.176758
0.169230
0.247486
0.786130
0.238953
0.832011
0.468882
0.169025
0.188970
0.307383
0.171750
0.313681
0.225735
0.124219
0.210433
0.317371
0.303244
0.507439
0.416488
0.377240
0.556246
0.543745
0.408589
0.455352
0.421789
0.233288
0.400489
0.393511
0.330695
0.457008
0.659325
0.583900
1.470489
0.677382
0.516469
1.634515
0.555132
0.407283
1.532966
0.546271
0.537961
1.617600
0.816956
0.561862
1.689621
1.143465
1.605836
6.604314
1.595731
1.680323
7.504122
1.559725
1.741940
6.692772
1.365517
1.696356
6.640244
1.240624
1.944419
7.121357
5.212175
7.863790
27.222488
4.243092
6.345864
26.702934
4.039021
6.981113
30.227234
4.210528
5.923336
28.182681
4.812407
6.285214
29.517182
0.262933
0.300045
0.234114
0.183470
0.031875
0.065576
0.547210
0.081841
0.084103
0.163034
0.049685
0.155342
0.274442
0.035182
0.118695
0.428735
0.138789
0.128553
0.438301
0.518145
0.355681
0.337780
0.103426
0.172051
0.175644
0.064826
0.188180
0.131523
0.040299
0.077615
0.165466
0.109294
0.252987
0.174604
0.076217
0.291126
0.671773
0.349463
0.176182
0.162152
0.107998
0.411768
0.155551
0.064725
0.268609
0.980610
0.616893
0.573727
0.688943
0.425544
0.617738
0.407714
0.277819
0.567086
0.604049
0.329813
0.444958
0.133913
0.140197
0.490093
0.576104
0.416010
1.829713
0.684823
0.569082
1.660454
1.074378
1.095720
1.961459
0.626728
0.578062
1.720196
0.896015
0.695228
3.702234
2.386918
1.822239
6.946285
1.794379
1.859092
10.529062
2.010642
2.409832
13.444190
1.118551
1.608125
7.093595
1.110078
1.538272
6.330770
4.214754
7.646459
27.703720
4.686346
7.146433
31.815817
3.578602
6.163276
28.925907
4.078541
6.875200
28.360184
4.357588
6.337724
28.890346
0.380472
0.069720
0.072688
0.319162
0.036413
0.106765
0.274682
0.233388
0.115852
0.314280
0.323749
0.216146
0.231315
0.334993
0.293784
0.393413
0.067287
0.199911
0.324683
0.149307
0.114111
0.307279
0.077404
0.165413
0.395807
0.159718
0.091349
0.507303
0.086225
0.111929
0.310102
0.106755
0.215216
0.515533
0.251021
0.335411
0.382496
0.118615
0.231512
0.281906
0.173181
0.247557
0.518807
0.259666
0.215840
0.529309
0.228999
0.473995
0.499146
0.337507
0.461725
0.355986
0.245097
0.446414
0.451832
0.272365
0.542936
0.339715
0.171590
0.631170
0.641990
0.734503
2.100310
1.025510
0.734578
1.759246
0.572734
0.595512
1.716743
0.711039
0.665702
1.948861
0.771114
0.615050
1.846677
1.427280
2.360891
6.962274
1.566684
2.109566
11.419527
2.591298
2.864760
9.366808
1.687756
2.506386
6.469957
1.503512
2.203494
7.564002
4.999089
9.439054
35.313444
4.316767
8.500963
34.003003
4.648637
8.154472
35.176815
4.505708
7.669972
30.298343
4.319982
7.159783
37.083268
P= 16 data point= 16
P= 16 data point= 32
P= 16 data point= 64
P= 16 data point= 128
P= 16 data point= 256
P= 16 data point= 512
P= 16 data point= 1024
P= 36 data point= 16
P= 36 data point= 32
P= 36 data point= 64
P= 36 data point= 128
P= 36 data point= 256
P= 36 data point= 512
P= 36 data point= 1024
P= 49 data point= 16
P= 49 data point= 32
P= 49 data point= 64
P= 49 data point= 128
P= 49 data point= 256
P= 49 data point= 512
P= 49 data point= 1024
P= 64 data point= 16
P= 64 data point= 32
P= 64 data point= 64
P= 64 data point= 128
P= 64 data point= 256
P= 64 data point= 512
P= 64 data point= 1024
