P= 16 data point= 16
0.778569
0.567904
0.571996
0.686571
0.683181
0.656101
0.626848
0.260107
0.559893
0.722603
0.678355
0.550936
0.745554
0.607968
0.650781
P= 16 data point= 32
0.888998
0.843978
0.877333
0.762784
0.705288
0.787703
0.734685
0.615992
0.570252
0.807143
0.831454
0.748197
0.750670
0.683615
0.834609
P= 16 data point= 64
0.858999
0.619352
1.116301
0.693207
0.718597
1.348482
0.721752
0.670666
1.215096
0.814860
0.704624
1.347770
0.658072
0.635401
1.616102
P= 16 data point= 128
0.839047
0.951370
1.747523
0.966591
0.691639
1.471656
0.847204
0.899376
1.490838
0.847515
0.755280
1.682127
0.907015
0.829249
1.812417
P= 16 data point= 256
1.040533
1.073544
2.760935
1.289236
1.278161
2.940204
1.200161
1.052732
2.434149
1.100923
1.112665
2.970225
1.200280
1.097723
3.871208
P= 16 data point= 512
2.454758
2.316625
5.107713
1.086345
1.401511
4.474628
1.618538
1.161586
6.402541
1.936615
2.299466
5.884294
0.800411
1.621672
7.508848
P= 16 data point= 1024
5.994883
6.655697
25.237104
6.381637
6.879889
89.789542
4.987852
5.169441
18.744806
6.587346
7.145153
24.840795
5.639176
8.381391
22.304028
P= 36 data point= 16
0.846918
0.627951
0.660412
0.897644
0.698168
0.728127
0.807015
0.799876
0.848072
0.766513
0.688007
0.736050
0.940978
0.863943
0.824075
P= 36 data point= 32
1.324251
1.177852
1.056710
1.599159
1.443106
1.040133
1.510727
1.439976
1.155378
1.646595
1.638987
0.993851
1.765998
1.526382
0.993688
P= 36 data point= 64
1.556379
1.385740
1.941511
1.818876
1.540980
2.048488
1.650826
1.294253
1.790355
1.510167
1.474621
1.889522
1.441677
1.048663
1.601904
P= 36 data point= 128
1.404224
1.467051
2.736721
0.901897
0.809134
1.360281
1.699022
0.927213
2.012982
1.911144
1.392021
2.014166
2.111006
1.499662
3.595307
P= 36 data point= 256
2.384611
1.959914
6.270870
2.152365
2.110725
5.610171
2.014986
2.355177
6.408790
2.188378
2.344266
6.072749
2.392513
2.129754
6.321760
P= 36 data point= 512
3.317827
3.889188
18.535770
3.367051
4.548615
16.007157
3.765396
4.468497
17.448772
3.053108
4.161339
16.273232
3.444532
4.214609
17.999318
P= 36 data point= 1024
8.915857
13.618772
140.051986
11.183165
15.398015
75.385389
11.818752
17.432816
81.638306
12.653699
16.452322
165.660518
7.757705
11.111186
48.005737
P= 49 data point= 16
1.384634
0.974231
1.112055
1.079405
0.972595
0.828814
0.976041
0.790280
0.876959
0.928541
0.934152
0.953334
0.981996
1.095320
0.843497
P= 49 data point= 32
1.898698
1.317587
1.118142
1.143628
1.110838
1.105098
1.128600
1.103999
1.580113
1.304839
1.206254
1.035718
1.329539
1.267876
1.259231
P= 49 data point= 64
1.495330
1.215956
1.656864
1.273700
1.283515
1.310058
1.398399
1.110232
1.557482
1.319013
1.460950
1.509129
1.306915
1.211869
1.211360
P= 49 data point= 128
1.334893
1.354660
2.247922
2.165116
1.505119
1.909448
1.443803
1.380586
2.290173
1.774165
1.995241
2.211097
1.755836
1.668964
3.078897
P= 49 data point= 256
1.639218
1.360664
5.243930
1.689625
1.912921
4.948615
2.378921
2.408593
4.748200
2.087799
2.131545
6.456577
2.117751
2.487850
6.760542
P= 49 data point= 512
3.287116
4.487924
17.165120
3.561718
4.893575
22.086098
4.488105
5.364409
24.351729
4.574622
5.176618
22.746266
4.697798
5.187692
22.012350
P= 49 data point= 1024
11.935435
17.515400
164.970850
8.863895
13.089544
47.936277
7.214298
9.897264
46.496142
8.861391
13.264490
51.124427
9.363479
13.580525
127.820210
P= 64 data point= 16
1.062008
0.916011
0.976585
1.021939
1.044524
1.102844
0.902883
0.754985
0.856005
0.794300
0.823701
0.767640
0.885304
0.870917
0.779838
P= 64 data point= 32
2.137600
1.668200
0.945772
1.717841
1.984127
1.012495
2.303277
2.233282
1.018901
1.609722
1.623353
1.060830
1.805498
1.766267
1.024027
P= 64 data point= 64
2.033653
1.687363
1.838994
2.089538
1.948055
2.024096
1.826151
1.497560
1.843875
1.860753
1.691918
1.666040
1.458942
1.208393
1.246376
P= 64 data point= 128
1.306992
1.310825
2.881940
1.994632
1.852052
2.117725
2.151516
1.428255
2.516791
1.647393
1.760090
2.306540
1.983249
1.556278
2.649426
P= 64 data point= 256
2.044715
2.084892
4.352407
2.239649
2.203636
5.455370
2.219919
2.609445
5.142286
1.739561
1.914414
4.419291
2.588403
1.814028
5.524436
P= 64 data point= 512
3.875858
4.183750
16.656523
3.846191
5.174292
18.000099
4.357028
4.543262
12.995660
3.697988
5.050731
15.958918
4.056568
4.453624
17.381553
P= 64 data point= 1024
11.322183
14.496209
47.537605
7.008939
12.546728
56.823463
9.415103
10.536700
54.635169
10.105574
14.262720
53.567141
10.010912
14.239530
51.017651
